species	Fusarium_flagelliforme	Fusarium_fujikuroi	Fusarium_graminearum	Fusarium_mangiferae	Fusarium_musae	Fusarium_oxysporum	Fusarium_poae	Fusarium_sp.	Fusarium_subglutinans	Fusarium_tjaetaba	Fusarium_vanettenii	Fusarium_verticillioides	NI_2020	NI_2021	Inoc_2020	Inoc_2021	NI	Inoc	FER	FER_2020	FER_2021	Fusarium	Fusarium_spp
4226	0	0	0	0	0	0	0	0	0	0	0	0	2.466771572	5.819822888	5.71038547	7.170172429	4.546453902	6.586443104	5.574729882	4.141606356	6.412552674	2.6481	0
4722	0	0	0	0	0	0	0	0	0	0	0	4296.82	5.466771572	0.449250681	7.71038547	7.078977461	3.147081353	7.65830751	5.412864051	6.641606356	3.726583158	3.5521	4296.82
33-16	0	0	0	0	0	0	0	0	0	0	0	0	2.466771572	3.449250681	2.71038547	7.078977461	3.147081353	5.15830751	4.162864051	2.641606356	5.226583158	2.9347	0
38-11	0	0	0	0	0	0	0	0	0	0	0	0	7.466771572	7.078678474	7.71038547	NA	7.247708804	7.94380462	7.767410418	7.641606356	7.357961617	3.316	0
A188	0	0	0	0	0	0	0	0	0	0	0	0	2.211396885	NA	4.484136156	NA	2.392382476	4.656346995	3.542386665	3.338890475	NA	3.9749	0
A214N	0	0	0	0	0	0	0	0	0	0	0	22948.33	6.828334854	8.33753406	7.144762186	6.805392555	6.945826452	7.514578697	7.236595712	6.884816653	7.66867461	2.9739	22948.33
A239	0	0	0	0	0	0	0	0	0	0	0	0	3.828334854	6.449250681	7.144762186	7.078977461	5.143944099	7.298985479	6.222193203	5.384816653	6.726583158	3.5963	0
A554	0	0	0	0	0	0	0	0	0	0	0	0	NA	1.819822888	NA	5.170172429	2.298015526	5.229081587	3.75453642	NA	3.412552674	3.2386	0
A556	0	0	0	0	0	0	0	0	0	0	0	10740.7	5.828334854	NA	7.144762186	NA	5.788617771	7.225160557	6.513581647	6.384816653	NA	3.0939	10740.7
A6	0	8571	0	0	0	0	0	0	0	0	0	0	2.083709542	0.449250681	4.371011499	5.078977461	1.345199001	4.942714291	3.148461542	3.187532534	2.726583158	1.998	8571
A619	0	0	0	0	0	0	0	0	0	0	0	0	6.828334854	4.708106267	7.144762186	NA	5.345199001	7.225160557	6.2386054	6.884816653	4.671992101	3.4276	0
A632	0	0	0	0	0	0	0	0	0	0	0	0	3.211396885	3.33753406	5.484136156	6.805392555	2.747708804	6.730171916	4.750998221	4.338890475	5.16867461	3.0087	0
A634	0	0	0	0	0	0	0	0	0	0	0	0	6.466771572	6.708106267	6.71038547	NA	6.348336254	6.94380462	6.826166531	6.641606356	6.671992101	3.5926	0
A635	0	0	0	0	0	0	0	0	0	0	0	0	1.466771572	NA	2.71038547	1.987782492	1.794892279	2.730171916	2.163869439	2.141606356	1.723265667	3.1515	0
A641	0	0	0	0	0	0	0	0	8737.32	0	0	13105.98	NA	5.708106267	NA	5.896587524	4.90178023	6.660268025	5.783341438	NA	5.854644126	2.7448	21843.3
A659	0	0	0	0	0	0	0	0	0	0	0	0	7.211396885	4.33753406	7.484136156	1.805392555	5.247708804	5.230171916	5.250998221	7.338890475	3.16867461	3.4541	0
A661	0	0	0	0	0	0	0	0	0	0	0	9831.885	3.466771572	NA	6.71038547	NA	3.794892279	6.94380462	5.394923343	5.141606356	NA	3.2662	9831.885
A679	0	0	0	0	0	0	0	0	0	0	0	0	2.083709542	2.819822888	2.371011499	7.170172429	2.74457155	4.870849885	3.810327373	2.187532534	4.912552674	3.1755	0
A680	0	0	0	0	0	0	0	7654.4	0	0	0	0	2.466771572	4.449250681	2.71038547	6.078977461	3.647081353	4.65830751	4.162864051	2.641606356	5.226583158	2.9334	7654.4
A682	0	0	0	0	0	0	0	0	0	0	0	0	2.211396885	3.078678474	3.484136156	2.987782492	2.546453902	3.586443104	3.074729882	2.838890475	3.040613642	1.9521	0
AB28A	0	0	0	0	0	0	0	0	0	0	0	0	2.083709542	5.708106267	6.371011499	6.896587524	3.546453902	7.086443104	5.324729882	4.187532534	6.354644126	2.6586	0
B103	0	0	0	0	0	0	0	0	0	0	0	0	5.828334854	3.33753406	7.144762186	4.805392555	3.945826452	6.514578697	5.236595712	6.384816653	4.16867461	3.435	0
B104	0	0	0	0	0	0	0	0	0	0	0	0	4.339084229	7.708106267	NA	6.896587524	5.747708804	7.660268025	6.563549783	4.972660857	7.354644126	3.0486	0
B105	0	0	0	0	0	0	0	0	0	0	0	19985.88	5.339084229	NA	7.597260813	5.987782492	5.593637377	7.15830751	6.379690546	6.490248415	5.723265667	3.5364	19985.88
B109	0	0	0	0	0	0	0	0	0	0	0	9504.56	3.466771572	6.078678474	3.71038547	3.987782492	4.747708804	4.230171916	4.500998221	3.641606356	5.040613642	2.6934	9504.56
B14A	0	0	0	0	0	0	0	0	0	0	0	0	2.339084229	7.708106267	7.597260813	3.896587524	4.747708804	6.230171916	5.500998221	4.990248415	5.854644126	3.5262	0
B164	0	0	0	0	0	0	0	0	0	0	0	0	5.956022198	1.449250681	4.257886843	6.078977461	3.74457155	5.370849885	4.560327373	5.036174594	3.726583158	3.1699	0
B2	0	0	0	0	0	0	0	0	0	0	0	0	6.828334854	3.708106267	7.144762186	4.896587524	4.845199001	6.442714291	5.648461542	6.884816653	4.354644126	3.8015	0
B37	0	0	0	0	0	0	0	0	0	0	0	0	5.083709542	4.449250681	7.371011499	4.078977461	4.845199001	5.942714291	5.398461542	6.187532534	4.226583158	3.1643	0
B46	0	0	0	0	0	0	0	0	0	0	0	0	2.211396885	6.449250681	5.484136156	4.078977461	4.445826452	5.014578697	4.736595712	3.838890475	5.226583158	3.6157	0
B52	0	0	0	0	0	0	0	0	0	0	0	0	7.339084229	7.708106267	7.597260813	6.896587524	7.247708804	7.730171916	7.500998221	7.490248415	7.354644126	3.6363	0
B57	0	0	0	0	0	0	0	0	0	0	0	0	2.828334854	5.708106267	4.144762186	5.896587524	3.845199001	5.442714291	4.648461542	3.384816653	5.854644126	3.2105	0
B64	0	0	0	0	0	0	0	0	0	0	0	0	2.339084229	4.819822888	6.597260813	7.170172429	3.945826452	7.014578697	5.486595712	4.490248415	5.912552674	2.8959	0
B68	0	0	0	0	0	0	0	0	0	0	0	0	NA	6.449250681	7.257886843	7.078977461	6.499270427	7.370849885	6.882049345	6.553762151	6.726583158	3.5218	0
B73	0	0	0	0	0	0	0	9209	0	0	0	0	4.718869684	3.236035422	6.144213037	4.587782492	4.085285042	5.722391368	4.908837565	5.424005928	3.929133921	3.1841	9209
B73HTRHM	0	0	0	0	0	0	0	0	0	0	0	0	4.828334854	2.708106267	5.144762186	6.896587524	3.345199001	6.442714291	4.898461542	4.884816653	4.854644126	2.9429	0
B75	0	0	0	0	0	0	0	0	0	0	0	0	6.956022198	NA	7.257886843	NA	6.989872673	7.36888937	7.189849986	7.036174594	NA	3.0543	0
B76	0	0	0	0	0	0	0	0	0	0	0	0	1.956022198	3.449250681	5.257886843	4.078977461	2.74457155	4.870849885	3.810327373	3.536174594	3.726583158	3.1209	0
B77	0	0	0	0	0	0	0	0	0	0	0	0	6.339084229	2.819822888	5.597260813	3.170172429	4.945826452	4.514578697	4.736595712	5.990248415	2.912552674	2.7235	0
B79	0	0	0	0	0	0	0	0	0	0	0	8332.62	0.828334854	5.708106267	NA	6.896587524	2.845199001	7.660268025	4.661858664	1.367229095	6.354644126	3.1683	8332.62
B84	0	0	0	0	0	0	0	0	0	0	0	0	6.339084229	2.449250681	7.597260813	7.078977461	4.546453902	7.586443104	6.074729882	6.990248415	4.726583158	3.2049	0
B97	0	0	0	0	0	0	0	0	0	0	0	0	4.30924701	4.513964578	4.684136156	4.283379977	4.395164921	4.784492689	4.603905818	4.478347298	4.3835984	2.822	0
C103	0	0	0	0	0	0	0	0	0	0	0	0	1.211396885	2.33753406	7.484136156	NA	1.247708804	7.656346995	3.649898192	4.338890475	1.986022585	3.2896	0
C123	0	0	0	0	0	0	0	0	0	0	0	24228.13	3.211396885	NA	6.484136156	NA	3.392382476	6.656346995	5.042386665	4.838890475	NA	3.3915	24228.13
C49A	0	0	0	0	0	0	0	0	0	0	0	0	1.828334854	NA	7.144762186	NA	1.788617771	7.225160557	4.513581647	4.384816653	NA	3.8069	0
CH701-30	0	0	0	0	0	0	0	0	0	0	0	0	6.083709542	5.449250681	5.371011499	7.078977461	5.845199001	6.442714291	6.148461542	5.687532534	6.226583158	3.0681	0
CH9	0	0	0	0	0	0	0	0	0	0	0	5624.17	5.339084229	5.819822888	7.597260813	7.170172429	5.945826452	7.514578697	6.736595712	6.490248415	6.412552674	3.1975	5624.17
CI.7	0	24308.92	0	0	0	0	0	0	0	0	0	0	7.466771572	2.33753406	7.71038547	6.805392555	4.448963705	7.873900729	6.17726656	7.641606356	4.66867461	3.498	24308.92
CI187-2	0	0	0	0	0	0	0	0	0	0	0	0	2.083709542	1.078678474	6.371011499	1.987782492	1.445826452	4.514578697	2.986595712	4.187532534	1.540613642	3.2888	0
CI21E	0	0	0	0	0	0	0	0	0	0	0	0	7.211396885	6.449250681	7.484136156	7.078977461	6.945826452	7.514578697	7.236595712	7.338890475	6.726583158	3.4626	0
CI28A	0	0	0	0	0	0	0	0	0	0	0	0	5.828334854	5.819822888	7.144762186	6.170172429	6.043316649	6.727121072	6.384059033	6.384816653	5.912552674	3.531	0
CI31A	0	0	0	0	0	5142.85	0	0	0	0	0	0	5.828334854	4.078678474	7.144762186	3.987782492	4.74457155	5.870849885	5.310327373	6.384816653	4.040613642	2.8534	5142.85
CI3A	0	0	0	0	0	0	0	0	0	0	0	0	4.466771572	1.708106267	3.71038547	3.896587524	2.848336254	4.302036322	3.589132391	4.141606356	2.854644126	2.2013	0
CI64	0	0	0	0	0	0	0	0	0	0	0	0	3.211396885	8.33753406	4.484136156	6.805392555	5.247708804	6.230171916	5.750998221	3.838890475	7.66867461	3.9423	0
CI90C	0	0	0	0	0	0	0	0	0	0	0	0	0.956022198	NA	2.257886843	NA	0.989872673	2.36888937	1.689849986	1.536174594	NA	2.2382	0
CI91B	0	0	0	0	0	0	0	10651.04	0	0	0	0	2.828334854	NA	NA	NA	2.788617771	NA	3.418893116	3.367229095	NA	2.7246	10651.04
CM105	0	0	0	0	0	0	0	0	0	0	0	0	4.083709542	NA	3.371011499	NA	4.191127574	3.512618182	3.866118325	3.687532534	NA	3.8118	0
CM174	9996.266667	0	0	0	0	5997.76	0	0	11995.52	0	0	0	6.083709542	NA	7.371011499	NA	6.191127574	7.512618182	6.866118325	6.687532534	NA	3.513	27989.54667
CM37	0	0	0	0	0	0	0	0	0	0	0	10694.16	NA	4.708106267	NA	NA	3.90178023	NA	4.688652907	NA	4.671992101	3.5482	10694.16
CM7	0	0	0	0	0	0	0	0	0	0	0	0	7.083709542	NA	7.371011499	NA	7.191127574	7.512618182	7.366118325	7.187532534	NA	4.1303	0
CML10	0	3890.42	0	0	0	0	0	0	0	0	0	0	2.083709542	5.33753406	2.371011499	3.805392555	3.147081353	3.65830751	3.412864051	2.187532534	4.66867461	2.4239	3890.42
CML103	0	0	0	0	0	0	0	0	0	0	0	0	2.339084229	2.078678474	3.597260813	5.987782492	2.147081353	5.15830751	3.662864051	2.990248415	4.040613642	3.1891	0
CML108	0	0	0	0	0	0	0	0	0	0	0	0	3.083709542	4.078678474	6.371011499	6.987782492	3.445826452	7.014578697	5.236595712	4.687532534	5.540613642	2.8827	0
CML11	0	0	0	0	0	0	0	0	0	0	0	0	3.956022198	NA	2.257886843	NA	3.989872673	2.36888937	3.189849986	3.036174594	NA	2.4747	0
CML14	0	0	0	0	0	0	0	0	0	0	0	0	6.828334854	5.449250681	6.144762186	7.078977461	6.143944099	6.798985479	6.472193203	6.384816653	6.226583158	NA	0
CML154Q	0	0	0	0	0	0	0	0	0	0	0	0	2.956022198	6.449250681	3.257886843	6.078977461	4.74457155	4.870849885	4.810327373	3.036174594	6.226583158	3.5074	0
CML157Q	0	0	0	0	0	0	0	0	0	0	0	0	0.828334854	2.078678474	2.144762186	4.987782492	1.24457155	3.870849885	2.560327373	1.384816653	3.540613642	2.0837	0
CML158Q	0	3609.96	0	0	0	0	0	0	0	0	0	0	2.083709542	2.078678474	6.371011499	2.987782492	1.945826452	5.014578697	3.486595712	4.187532534	2.540613642	2.79	3609.96
CML218	0	0	0	0	0	0	0	0	0	0	0	0	2.211396885	6.078678474	3.484136156	3.987782492	4.046453902	4.086443104	4.074729882	2.838890475	5.040613642	2.705	0
CML220	0	3429.66	0	0	0	0	0	0	0	0	0	2572.245	1.956022198	6.708106267	7.257886843	6.896587524	3.945826452	7.514578697	5.736595712	4.536174594	6.854644126	3.0954	6001.905
CML228	0	0	0	0	0	0	0	0	0	0	0	0	2.083709542	NA	4.371011499	NA	2.191127574	4.512618182	3.366118325	3.187532534	NA	2.3719	0
CML238	0	0	0	0	0	0	0	4971.34	0	0	0	0	0.956022198	3.708106267	3.257886843	2.896587524	1.945826452	3.514578697	2.736595712	2.036174594	3.354644126	2.8906	4971.34
CML247	0	16757.48	0	0	0	0	0	0	0	0	0	0	2.083709542	3.078678474	2.371011499	3.987782492	2.445826452	3.514578697	2.986595712	2.187532534	3.540613642	2.2977	16757.48
CML258	0	0	0	0	0	0	0	0	0	0	0	0	1.956022198	NA	2.257886843	NA	1.989872673	2.36888937	2.189849986	2.036174594	NA	2.5718	0
CML261	0	0	0	0	0	0	0	0	0	0	0	0	4.466771572	0.449250681	5.71038547	1.078977461	2.647081353	3.65830751	3.162864051	5.141606356	0.726583158	NA	0
CML264	0	0	0	0	0	0	0	0	0	0	0	0	NA	NA	NA	3.078977461	NA	3.3728104	2.52549329	NA	2.409235184	NA	0
CML277	0	0	0	0	0	0	0	0	0	0	0	0	3.339084229	3.708106267	7.597260813	0.896587524	3.247708804	4.730171916	4.000998221	5.490248415	2.354644126	2.9904	0
CML287	0	49153.52	0	0	0	0	0	0	0	0	0	0	2.339084229	NA	1.597260813	NA	2.593637377	1.800075807	2.218655004	1.990248415	NA	NA	49153.52
CML311	0	0	0	0	0	0	0	0	0	0	0	0	0.956022198	-0.180177112	2.257886843	2.170172429	0.643944099	2.298985479	1.472193203	1.536174594	0.912552674	2.7406	0
CML314	0	0	0	0	0	0	0	0	0	0	0	0	2.466771572	5.819822888	2.71038547	5.170172429	4.546453902	4.086443104	4.324729882	2.641606356	5.412552674	3.1989	0
CML321	0	4299.5	0	0	0	0	0	0	0	0	0	12898.5	2.339084229	NA	3.597260813	1.170172429	2.593637377	2.514578697	2.26217832	2.990248415	0.0952047	2.2749	17198
CML322	0	0	0	0	0	0	0	11738.98	0	0	0	5869.49	1.828334854	0.449250681	2.144762186	NA	1.143944099	2.225160557	1.78775984	1.884816653	1.043931133	2.9071	17608.47
CML323	0	0	0	2977.08	0	0	0	0	0	0	0	0	1.956022198	2.819822888	2.257886843	2.170172429	2.643944099	2.298985479	2.472193203	2.036174594	2.412552674	1.9211	2977.08
CML328	0	4955.38	0	0	0	0	0	0	0	0	0	0	NA	NA	NA	4.987782492	NA	5.516539212	4.70176163	NA	4.723265667	2.3946	4955.38
CML331	0	0	0	0	0	0	0	0	0	0	0	0	6.956022198	7.33753406	2.257886843	1.805392555	6.546453902	2.586443104	4.574729882	4.536174594	4.66867461	3.0583	0
CML332	0	0	0	0	0	0	0	0	0	0	0	0	1.828334854	3.33753406	6.144762186	NA	1.945826452	6.225160557	3.630694846	3.884816653	2.986022585	2.7035	0
CML333	0	0	0	0	0	0	0	0	0	0	0	0	1.083709542	2.708106267	2.371011499	4.896587524	1.546453902	4.086443104	2.824729882	1.687532534	3.854644126	2.4752	0
CML341	0	0	0	0	0	0	0	0	0	0	0	0	3.956022198	NA	7.257886843	NA	3.989872673	7.36888937	5.689849986	5.536174594	NA	3.5663	0
CML38	0	0	0	0	0	0	0	0	0	0	0	0	5.339084229	NA	1.597260813	NA	5.593637377	1.800075807	3.718655004	3.490248415	NA	2.1395	0
CML45	0	0	0	0	0	0	0	0	0	0	0	5221.973333	3.083709542	NA	1.371011499	NA	3.191127574	1.512618182	2.366118325	2.187532534	NA	NA	5221.973333
CML52	0	0	0	0	0	0	0	0	0	0	0	0	1.076040567	4.078678474	2.215053235	4.187782492	2.635458752	3.649887016	3.147484613	1.633807322	4.140613642	0.9602	0
CML61	0	4388.44	0	0	0	0	0	0	0	0	0	0	2.211396885	NA	NA	0.987782492	2.392382476	1.516539212	1.824729882	2.821302917	0.723265667	NA	4388.44
CML69	0	0	0	0	0	0	0	0	0	0	0	0	2.321692679	4.86886921	3.420984042	4.351514148	3.587197639	4.145350017	3.869715329	2.848326958	4.602603481	1.8748	0
CML77	0	0	0	0	0	0	0	0	0	0	0	0	2.339084229	7.708106267	7.597260813	NA	4.747708804	7.800075807	6.041987638	4.990248415	7.671992101	3.8685	0
CML91	0	0	0	0	0	0	0	0	0	0	0	0	1.466771572	8.33753406	2.71038547	4.805392555	4.448963705	4.373900729	4.42726656	2.141606356	6.66867461	2.6542	0
CML92	0	0	0	0	0	0	0	0	0	12655.56	0	12655.58	1.828334854	NA	3.144762186	NA	1.788617771	3.225160557	2.513581647	2.384816653	NA	3.1208	25311.14
CMV3	0	0	0	0	0	0	0	0	0	0	0	0	6.828334854	6.449250681	7.144762186	7.078977461	6.643944099	7.298985479	6.972193203	6.884816653	6.726583158	4.3195	0
CO106	0	0	0	0	0	0	0	0	0	0	0	0	5.466771572	4.819822888	4.71038547	7.170172429	5.546453902	6.086443104	5.824729882	5.141606356	5.912552674	4.3595	0
CO125	0	0	0	0	0	0	0	0	0	0	0	0	7.083709542	NA	7.371011499	2.896587524	7.191127574	5.586443104	5.870088873	7.187532534	3.037296151	4.249	0
CO255	0	0	0	0	0	0	0	0	0	0	0	6687.2	7.083709542	NA	7.371011499	NA	7.191127574	7.512618182	7.366118325	7.187532534	NA	4.1662	6687.2
D940Y	0	0	0	0	0	0	0	0	0	0	0	0	7.083709542	NA	7.371011499	NA	7.191127574	7.512618182	7.366118325	7.187532534	NA	2.9653	0
DE_2	0	0	0	0	0	0	0	0	0	0	0	0	7.083709542	7.708106267	5.371011499	6.896587524	7.046453902	6.586443104	6.824729882	6.187532534	7.354644126	3.1637	0
DE1	0	0	0	0	0	0	0	0	0	0	0	0	6.339084229	NA	7.597260813	NA	6.593637377	7.800075807	7.218655004	6.990248415	NA	3.4223	0
DE811	0	0	0	0	0	0	0	0	0	0	0	0	7.466771572	3.708106267	7.71038547	NA	5.348336254	7.94380462	6.492833198	7.641606356	3.671992101	3.1635	0
E2558W	0	0	0	0	0	0	0	0	0	0	0	0	NA	1.449250681	NA	5.078977461	1.499270427	5.3728104	3.430804759	NA	3.226583158	3.0846	0
EP1	0	0	0	0	0	0	0	0	0	0	0	0	3.828334854	NA	3.144762186	NA	3.788617771	3.225160557	3.513581647	3.384816653	NA	4.1391	0
F2834T	0	0	0	0	0	4331.82	0	0	0	0	0	0	6.828334854	8.33753406	7.144762186	6.805392555	6.945826452	7.514578697	7.236595712	6.884816653	7.66867461	2.6256	4331.82
F44	0	0	4686.21	0	0	9372.42	0	0	0	0	0	0	2.339084229	NA	1.597260813	NA	2.593637377	1.800075807	2.218655004	1.990248415	NA	2.2643	14058.63
F6	0	0	0	0	0	0	0	0	0	0	0	0	2.466771572	4.708106267	2.71038547	NA	3.348336254	2.94380462	3.492833198	2.641606356	4.671992101	2.5298	0
F7	0	0	0	0	0	0	0	0	0	0	0	0	6.828334854	NA	7.144762186	NA	6.788617771	7.225160557	7.013581647	6.884816653	NA	2.8151	0
GA209	0	0	0	0	0	0	0	0	0	0	0	3948.46	2.956022198	NA	1.257886843	NA	2.989872673	1.36888937	2.189849986	2.036174594	NA	3.0656	3948.46
GT112	0	0	0	0	0	0	0	0	0	0	0	0	2.211396885	1.819822888	3.484136156	NA	2.345199001	3.656346995	3.081540406	2.838890475	2.729900649	2.5542	0
H105W	0	0	0	0	0	6358.3	0	0	0	0	0	13988.26	7.466771572	2.078678474	7.71038547	6.987782492	4.747708804	7.730171916	6.250998221	7.641606356	4.540613642	3.432	20346.56
H49	0	0	0	0	0	0	0	10970.88	0	0	0	0	6.083709542	4.078678474	3.371011499	3.987782492	4.945826452	4.014578697	4.486595712	4.687532534	4.040613642	2.6663	10970.88
H84	0	0	0	0	0	0	0	0	0	0	0	0	6.211396885	NA	7.484136156	NA	6.392382476	7.656346995	7.042386665	6.838890475	NA	2.4281	0
H91	0	0	0	0	0	0	0	0	0	0	0	0	6.211396885	5.078678474	7.484136156	5.987782492	5.546453902	7.086443104	6.324729882	6.838890475	5.540613642	3.4667	0
H95	0	0	0	0	0	0	0	0	0	0	0	0	2.339084229	2.33753406	2.597260813	1.805392555	1.848336254	2.802036322	2.339132391	2.490248415	2.16867461	1.9136	0
H99	0	0	0	0	0	0	0	0	0	0	0	0	1.466771572	-0.180177112	4.71038547	2.170172429	1.046453902	3.586443104	2.324729882	3.141606356	0.912552674	1.9514	0
HI27	0	0	0	0	0	0	4208.34	0	0	0	0	0	2.466771572	5.33753406	7.71038547	6.805392555	3.448963705	7.873900729	5.67726656	5.141606356	6.16867461	3.91	4208.34
HP301	0	0	0	0	0	0	0	10373.92	0	0	0	10373.91	2.083709542	NA	4.371011499	NA	2.191127574	4.512618182	3.366118325	3.187532534	NA	2.9479	20747.83
HY	0	0	0	0	0	0	0	0	0	0	0	0	6.956022198	NA	7.257886843	NA	6.989872673	7.36888937	7.189849986	7.036174594	NA	3.6267	0
I137TN	0	0	0	0	0	0	0	0	0	0	0	2422.44	2.956022198	6.449250681	2.257886843	7.078977461	4.74457155	4.870849885	4.810327373	2.536174594	6.726583158	2.6424	2422.44
I29	0	4706.14	0	0	0	0	0	0	0	0	0	0	6.956022198	5.819822888	6.257886843	7.170172429	6.643944099	6.798985479	6.722193203	6.536174594	6.412552674	2.8128	4706.14
IA2132	0	0	0	0	0	0	0	0	0	0	0	16478.8	2.956022198	NA	7.257886843	NA	2.989872673	7.36888937	5.189849986	5.036174594	NA	2.634	16478.8
IA5125	0	0	0	0	0	0	0	0	0	0	0	0	1.828334854	NA	NA	NA	1.788617771	NA	2.418893116	2.367229095	NA	3.8968	0
IDS28	0	0	0	0	0	0	0	0	0	0	0	0	6.211396885	2.078678474	5.484136156	NA	4.046453902	5.656346995	4.865719299	5.838890475	2.357961617	2.3896	0
IDS91	0	0	0	0	0	0	0	0	0	0	0	0	6.466771572	2.708106267	6.71038547	0.896587524	4.348336254	4.302036322	4.339132391	6.641606356	1.854644126	3.649	0
IL101	0	0	0	0	0	0	0	0	0	0	0	0	7.083709542	4.078678474	7.371011499	6.987782492	5.445826452	7.514578697	6.486595712	7.187532534	5.540613642	4.1572	0
IL14H	0	0	0	0	0	0	0	0	0	0	0	0	6.90924701	2.819822888	6.856459056	4.896587524	6.409151383	6.729039834	6.693035183	6.984828005	4.3835984	3.3881	0
K148	0	51540.24	0	0	0	0	0	4295.02	0	0	0	0	2.083709542	3.33753406	4.371011499	4.805392555	2.147081353	5.15830751	3.662864051	3.187532534	4.16867461	3.3049	55835.26
K4	0	0	0	0	0	0	0	0	0	0	0	0	2.466771572	5.708106267	3.71038547	NA	3.848336254	3.94380462	4.159499865	3.141606356	5.671992101	3.2063	0
K55	0	0	0	0	0	0	0	0	0	0	0	0	2.466771572	0.449250681	5.71038547	7.078977461	1.647081353	6.65830751	4.162864051	4.141606356	3.726583158	3.2844	0
K64	0	0	0	0	0	0	0	0	0	0	0	0	7.211396885	5.819822888	7.484136156	7.170172429	6.845199001	7.442714291	7.148461542	7.338890475	6.412552674	3.1853	0
KI11	0	0	0	0	0	0	0	0	0	0	0	0	6.956022198	5.33753406	7.257886843	0.805392555	5.546453902	4.586443104	5.074729882	7.036174594	3.16867461	3.5811	0
KI14	0	0	0	0	0	0	0	0	0	0	0	0	3.466771572	NA	1.71038547	NA	3.794892279	1.94380462	2.894923343	2.641606356	NA	NA	0
KI3	0	0	0	0	0	4640.52	0	0	0	0	6960.78	6960.78	NA	5.819822888	NA	NA	6.298015526	NA	7.159847889	NA	6.729900649	2.5572	18562.08
KI43	0	0	0	0	0	0	0	0	0	0	0	0	3.466771572	NA	7.71038547	NA	3.794892279	7.94380462	5.894923343	5.641606356	NA	2.154	0
KI44	0	0	0	0	0	0	0	0	0	0	0	0	NA	NA	3.371011499	NA	NA	3.512618182	2.960806857	2.705120092	NA	2.054	0
KY21	0	0	0	0	0	0	0	0	0	0	0	0	3.956022198	5.819822888	4.257886843	4.170172429	5.143944099	4.298985479	4.722193203	4.036174594	4.912552674	3.2802	0
KY226	0	0	0	0	0	0	0	0	0	0	0	0	5.339084229	NA	7.597260813	NA	5.593637377	7.800075807	6.718655004	6.490248415	NA	3.2586	0
KY228	0	7226.96	0	0	0	0	0	0	0	0	0	0	6.828334854	3.33753406	7.144762186	3.805392555	4.445826452	6.014578697	5.236595712	6.884816653	3.66867461	3.4652	7226.96
L578	0	0	0	0	0	0	0	0	0	0	0	0	7.466771572	NA	6.71038547	NA	7.794892279	6.94380462	7.394923343	7.141606356	NA	2.9535	0
M14	0	0	0	0	0	0	0	0	0	0	0	0	3.828334854	2.33753406	7.144762186	NA	2.445826452	7.225160557	4.297361513	5.384816653	1.986022585	3.236	0
M162W	0	0	0	0	0	0	0	0	0	0	0	0	6.956022198	5.819822888	7.257886843	7.170172429	6.643944099	7.298985479	6.972193203	7.036174594	6.412552674	3.5399	0
M37W	0	0	0	0	0	0	0	0	0	0	0	0	4.083709542	4.819822888	2.371011499	NA	4.74457155	2.512618182	4.297361513	3.187532534	5.729900649	3.0583	0
MO17	0	0	0	0	0	0	0	10990.04	0	0	0	0	3.445901713	4.328678474	5.698853344	2.593652513	3.828940883	4.836008259	4.360358665	4.571300607	3.747100634	3.0714	10990.04
MO18W	0	0	0	0	0	0	0	0	0	0	0	0	2.339084229	7.708106267	NA	4.896587524	4.747708804	5.660268025	5.23021645	2.972660857	6.354644126	2.5322	0
MO1W	0	0	0	0	0	0	0	0	0	0	0	0	1.828334854	NA	7.144762186	NA	1.788617771	7.225160557	4.513581647	4.384816653	NA	2.9182	0
MO24W	0	0	0	0	0	0	0	0	0	0	0	11615.56	NA	1.449250681	NA	NA	1.499270427	NA	2.336116228	NA	2.043931133	2.8247	11615.56
MO44	0	0	0	0	0	0	0	0	0	0	0	0	4.339084229	3.078678474	7.597260813	6.987782492	3.647081353	7.65830751	5.662864051	5.990248415	5.040613642	3.3657	0
MO45	0	0	0	0	0	0	0	0	0	0	0	0	2.339084229	-0.180177112	2.597260813	2.170172429	1.445826452	2.514578697	1.986595712	2.490248415	0.912552674	2.3912	0
MO46	0	0	0	0	0	0	0	0	0	0	0	0	2.466771572	7.078678474	2.71038547	NA	4.747708804	2.94380462	4.434077085	2.641606356	7.357961617	2.2691	0
MO47	0	0	0	0	0	0	0	0	0	0	0	0	NA	6.449250681	6.144762186	1.078977461	6.499270427	3.798985479	4.489959899	5.402404211	3.726583158	3.0888	0
MOG	0	0	0	0	0	0	0	0	0	0	0	0	7.083709542	3.708106267	NA	3.896587524	5.046453902	4.660268025	5.112704223	7.669944976	3.854644126	3.0533	0
MP339	0	0	0	0	0	0	0	0	0	0	0	0	3.211396885	6.33753406	6.484136156	6.805392555	4.247708804	7.230171916	5.750998221	4.838890475	6.66867461	3.1104	0
MS1334	0	0	0	0	0	0	0	0	0	0	0	0	4.956022198	NA	7.257886843	NA	4.989872673	7.36888937	6.189849986	6.036174594	NA	3.2388	0
MS153	0	0	0	0	0	0	0	0	0	0	0	0	5.339084229	3.449250681	7.597260813	3.078977461	4.546453902	5.586443104	5.074729882	6.490248415	3.226583158	3.3382	0
MS71	0	37462.2	0	0	0	0	0	0	0	0	0	0	5.339084229	2.708106267	5.597260813	6.896587524	3.747708804	6.730171916	5.250998221	5.490248415	4.854644126	3.1917	37462.2
MT42	0	0	0	0	0	0	0	0	0	0	0	0	4.466771572	6.449250681	4.71038547	7.078977461	5.647081353	6.15830751	5.912864051	4.641606356	6.726583158	2.2675	0
N192	0	0	0	0	0	0	0	0	0	0	0	0	3.083709542	NA	2.371011499	NA	3.191127574	2.512618182	2.866118325	2.687532534	NA	2.7277	0
N28HT	0	0	0	0	0	0	0	0	0	0	0	0	3.339084229	6.449250681	7.597260813	7.078977461	5.046453902	7.586443104	6.324729882	5.490248415	6.726583158	2.8827	0
N6	0	0	0	0	0	0	0	0	0	0	0	0	2.211396885	4.33753406	7.484136156	3.805392555	2.747708804	6.230171916	4.500998221	4.838890475	4.16867461	2.1156	0
N7A	0	0	36626.75	0	0	0	0	0	0	0	0	0	6.211396885	NA	2.484136156	3.170172429	6.392382476	2.942714291	3.81133276	4.338890475	2.0952047	2.6164	36626.75
NC222	0	0	0	0	0	0	0	0	0	0	0	0	3.828334854	6.078678474	NA	6.987782492	4.74457155	7.516539212	5.877679771	4.367229095	6.540613642	1.7702	0
NC230	0	0	0	0	0	0	0	0	0	0	0	0	5.339084229	6.078678474	7.597260813	6.987782492	5.647081353	7.65830751	6.662864051	6.490248415	6.540613642	2.7042	0
NC232	0	0	0	0	0	0	0	0	0	0	0	0	3.956022198	6.449250681	3.257886843	NA	5.24457155	3.36888937	4.905272067	3.536174594	7.043931133	3.1751	0
NC236	0	0	0	0	0	0	0	0	0	0	0	0	NA	3.819822888	7.257886843	4.170172429	4.298015526	5.798985479	5.097870452	6.553762151	3.912552674	3.5738	0
NC238	0	0	0	0	0	0	0	0	0	0	0	0	5.956022198	NA	NA	NA	5.989872673	NA	6.595161455	6.518587036	NA	3.2829	0
NC250	0	0	0	0	0	0	0	0	0	0	0	0	1.828334854	6.449250681	7.144762186	7.078977461	4.143944099	7.298985479	5.722193203	4.384816653	6.726583158	3.109	0
NC258	0	0	0	0	0	0	0	0	0	0	0	0	2.339084229	5.708106267	7.597260813	5.896587524	3.747708804	7.230171916	5.500998221	4.990248415	5.854644126	2.62	0
NC260	0	0	0	0	0	0	0	0	0	0	0	0	6.211396885	7.33753406	5.484136156	5.805392555	6.247708804	6.230171916	6.250998221	5.838890475	6.66867461	3.4477	0
NC262	0	0	0	0	0	0	0	0	0	0	0	0	4.211396885	NA	3.484136156	NA	4.392382476	3.656346995	4.042386665	3.838890475	NA	2.2474	0
NC264	0	4114.56	0	0	0	0	0	0	0	0	0	0	3.211396885	3.449250681	6.484136156	4.078977461	3.445826452	5.514578697	4.486595712	4.838890475	3.726583158	2.4628	4114.56
NC290A	0	0	0	0	0	0	0	0	0	0	0	0	7.339084229	6.449250681	3.597260813	6.078977461	7.046453902	5.086443104	6.074729882	5.490248415	6.226583158	2.8751	0
NC294	0	0	0	0	0	0	0	11503.86	0	0	0	0	6.956022198	3.819822888	7.257886843	3.170172429	5.643944099	5.298985479	5.472193203	7.036174594	3.412552674	3.0427	11503.86
NC296	0	0	0	0	6648.98	0	0	0	0	0	0	6648.98	2.339084229	5.33753406	NA	1.805392555	3.348336254	2.803996837	3.347728676	2.972660857	3.66867461	2.3625	13297.96
NC296A	0	0	0	0	0	0	0	0	0	0	0	0	2.339084229	NA	1.597260813	NA	2.593637377	1.800075807	2.218655004	1.990248415	NA	2.9053	0
NC300	0	0	0	0	0	0	0	0	0	0	0	0	3.828334854	5.078678474	3.144762186	6.987782492	4.24457155	5.370849885	4.810327373	3.384816653	6.040613642	2.7474	0
NC304	0	0	0	0	0	0	0	0	0	0	0	0	2.828334854	NA	7.144762186	3.805392555	2.788617771	6.014578697	4.693820534	4.884816653	4.351326635	2.74	0
NC306	0	15389.42	0	0	0	0	0	0	0	0	0	0	2.339084229	3.33753406	7.597260813	3.805392555	2.348336254	6.302036322	4.339132391	4.990248415	3.66867461	2.95	15389.42
NC310	0	0	0	0	0	0	0	0	0	0	0	10890.64	1.828334854	NA	2.144762186	6.805392555	1.788617771	5.014578697	3.693820534	1.884816653	7.351326635	2.3913	10890.64
NC314	0	0	0	0	0	0	0	0	0	0	0	0	6.828334854	5.819822888	7.144762186	7.170172429	6.543316649	7.227121072	6.884059033	6.884816653	6.412552674	3.5461	0
NC318	0	0	0	0	0	0	0	0	0	0	0	0	0.956022198	-0.180177112	2.257886843	3.170172429	0.643944099	2.798985479	1.722193203	1.536174594	1.412552674	2.2333	0
NC320	0	67618.24	0	0	0	0	0	0	0	0	0	0	2.466771572	1.078678474	2.71038547	0.987782492	1.747708804	2.230171916	2.000998221	2.641606356	1.040613642	2.1996	67618.24
NC324	0	0	0	0	0	0	0	0	0	0	0	8262.975	6.339084229	7.708106267	6.597260813	4.896587524	6.747708804	6.230171916	6.500998221	6.490248415	6.354644126	3.8483	8262.975
NC326	0	0	0	0	0	0	0	0	0	0	0	0	5.956022198	6.33753406	7.257886843	6.805392555	5.546453902	7.586443104	6.574729882	6.536174594	6.66867461	3.018	0
NC328	0	0	0	0	0	0	0	0	0	0	0	0	1.828334854	3.819822888	5.144762186	3.170172429	3.043316649	4.227121072	3.634059033	3.384816653	3.412552674	2.4236	0
NC33	0	4250.88	0	0	0	0	0	0	0	0	0	0	1.956022198	4.449250681	5.257886843	2.078977461	3.24457155	3.870849885	3.560327373	3.536174594	3.226583158	3.1403	4250.88
NC336	0	0	0	0	0	0	0	0	0	0	0	0	1.466771572	7.33753406	2.71038547	6.805392555	3.948963705	5.373900729	4.67726656	2.141606356	7.16867461	2.0239	0
NC338	0	0	0	0	0	0	0	0	0	0	0	0	2.828334854	NA	5.144762186	NA	2.788617771	5.225160557	4.013581647	3.884816653	NA	2.2911	0
NC340	0	3853.66	0	0	0	0	0	0	0	0	0	0	5.083709542	2.078678474	6.371011499	NA	3.445826452	6.512618182	4.748207073	5.687532534	2.357961617	2.5919	3853.66
NC342	0	0	0	0	0	0	0	0	0	0	0	0	4.828334854	3.819822888	7.144762186	6.170172429	4.543316649	6.727121072	5.634059033	5.884816653	4.912552674	2.6674	0
NC344	0	0	0	0	0	0	0	0	0	0	0	0	6.083709542	8.33753406	4.371011499	1.805392555	6.647081353	3.65830751	5.162864051	5.187532534	5.16867461	2.9109	0
NC346	0	0	0	0	0	0	0	0	0	0	0	0	1.211396885	4.819822888	2.484136156	3.170172429	3.345199001	2.942714291	3.148461542	1.838890475	3.912552674	2.2939	0
NC348	0	0	0	0	0	0	0	0	0	0	0	0	7.339084229	NA	7.597260813	NA	7.593637377	7.800075807	7.718655004	7.490248415	NA	3.6444	0
NC350	0	0	0	0	0	0	0	0	0	0	0	0	1.828334854	0.449250681	1.144762186	4.078977461	1.143944099	2.798985479	1.972193203	1.384816653	2.226583158	2.5062	0
NC352	0	0	3103.77	0	6207.54	0	0	0	0	0	0	4655.655	2.466771572	3.449250681	7.71038547	NA	3.147081353	7.94380462	5.041987638	5.141606356	4.043931133	2.3346	13966.965
NC354	0	0	0	0	0	0	0	0	0	0	0	0	2.211396885	NA	NA	NA	2.392382476	NA	2.947698134	2.821302917	NA	2.498	0
NC356	0	0	0	0	0	0	0	0	0	0	0	12507.2	1.956022198	7.708106267	7.257886843	3.896587524	4.445826452	6.014578697	5.236595712	4.536174594	5.854644126	2.0904	12507.2
NC358	0	0	0	0	0	0	0	0	0	0	0	0	2.551787706	3.921321526	4.838886293	6.715245805	3.145512726	5.78205467	4.491769267	3.723121805	5.094221717	1.8987	0
NC360	0	0	0	0	0	0	0	0	0	0	0	11907.12	NA	5.078678474	NA	6.987782492	4.700525329	7.516539212	6.107073098	NA	6.040613642	2.6234	11907.12
NC362	0	0	0	0	0	0	0	0	0	0	0	0	7.083709542	2.33753406	3.371011499	1.805392555	4.147081353	3.15830751	3.662864051	5.187532534	2.16867461	2.3064	0
NC364	0	0	0	0	0	0	0	0	0	0	0	6619.42	7.466771572	2.078678474	NA	2.987782492	4.747708804	3.516539212	4.50479367	8.124018798	2.540613642	2.5762	6619.42
NC366	0	0	0	0	0	0	0	0	0	0	0	9124.94	NA	8.33753406	NA	4.805392555	7.103035132	5.803996837	6.459609777	NA	6.66867461	2.7934	9124.94
NC368	0	12347.1	0	0	0	0	0	0	0	0	0	0	0.828334854	NA	7.144762186	4.805392555	0.788617771	6.514578697	4.360487201	3.884816653	5.351326635	3.0371	12347.1
ND246	0	0	0	0	0	0	0	0	0	0	0	0	4.466771572	7.708106267	2.71038547	NA	5.848336254	2.94380462	5.159499865	3.641606356	7.671992101	3.6138	0
OH40B	0	0	0	0	0	0	0	9623.02	0	0	0	0	7.211396885	6.078678474	7.484136156	6.987782492	6.546453902	7.586443104	7.074729882	7.338890475	6.540613642	3.1532	9623.02
OH43	0	0	0	0	0	0	0	0	0	0	0	0	2.339084229	3.449250681	5.597260813	5.078977461	3.046453902	5.586443104	4.324729882	3.990248415	4.226583158	2.9271	0
OH43E	0	0	0	0	0	0	0	0	0	0	0	0	3.211396885	8.33753406	7.484136156	4.805392555	5.247708804	6.730171916	6.000998221	5.338890475	6.66867461	3.1136	0
OH7B	0	0	0	0	0	0	0	0	0	0	0	0	7.211396885	NA	7.484136156	NA	7.392382476	7.656346995	7.542386665	7.338890475	NA	3.5376	0
OS420	0	0	0	0	0	0	0	0	0	0	0	0	3.083709542	1.708106267	6.371011499	4.896587524	2.046453902	6.086443104	4.074729882	4.687532534	3.354644126	2.8109	0
P39	0	0	0	0	0	0	0	10822.08	0	0	0	0	NA	1.708106267	NA	5.896587524	0.90178023	6.660268025	3.783341438	NA	3.854644126	4.3892	10822.08
PA762	0	0	0	0	0	0	0	0	0	0	0	11235.44	2.956022198	1.819822888	5.257886843	5.170172429	2.643944099	5.298985479	3.972193203	4.036174594	3.412552674	2.9383	11235.44
PA875	0	0	0	0	0	0	0	0	0	0	0	0	NA	NA	5.484136156	7.078977461	NA	6.514578697	5.831284243	4.856478032	6.409235184	3.0406	0
PA880	0	0	0	0	0	0	0	0	0	0	0	0	7.083709542	8.33753406	7.371011499	NA	7.147081353	7.512618182	7.532385966	7.187532534	7.986022585	3.6137	0
PA91	0	0	0	0	0	0	0	0	0	0	0	0	7.083709542	7.708106267	7.371011499	6.896587524	7.046453902	7.586443104	7.324729882	7.187532534	7.354644126	3.2825	0
R168	0	0	0	0	0	0	0	0	0	0	0	0	3.211396885	NA	3.484136156	7.170172429	3.392382476	5.442714291	4.477999427	3.338890475	6.0952047	3.2912	0
R229	0	0	0	0	0	0	0	0	0	0	0	0	2.339084229	1.449250681	4.597260813	6.078977461	2.046453902	5.586443104	3.824729882	3.490248415	3.726583158	3.3867	0
R4	0	0	0	0	0	0	0	0	0	0	0	0	3.083709542	2.708106267	7.371011499	2.896587524	2.546453902	5.586443104	4.074729882	5.187532534	2.854644126	2.8294	0
SA24	0	0	0	0	0	0	0	0	0	0	0	0	1.339084229	1.819822888	1.597260813	4.170172429	1.945826452	3.014578697	2.486595712	1.490248415	2.912552674	2.1055	0
SC213R	0	0	0	0	0	0	0	0	0	0	0	0	2.211396885	4.819822888	NA	NA	3.845199001	NA	4.553773011	2.821302917	5.729900649	3.0504	0
SC357	0	0	0	0	0	0	0	0	0	0	0	0	4.083709542	7.708106267	6.371011499	5.896587524	5.546453902	6.586443104	6.074729882	5.187532534	6.854644126	2.9558	0
SC55	0	89715.2	0	0	0	0	0	0	0	0	0	0	2.083709542	1.078678474	2.371011499	1.987782492	1.445826452	2.514578697	1.986595712	2.187532534	1.540613642	2.7309	89715.2
SD40	0	0	0	0	0	0	0	0	0	0	0	0	2.956022198	7.078678474	7.257886843	NA	4.845199001	7.36888937	5.96402818	5.036174594	7.357961617	3.3308	0
SD44	0	0	0	0	0	0	0	0	0	0	0	0	3.083709542	1.708106267	2.371011499	NA	2.046453902	2.512618182	2.473629852	2.687532534	1.671992101	2.6428	0
SG1533	0	0	0	0	0	0	0	0	0	0	0	0	7.211396885	7.708106267	NA	6.896587524	7.147081353	7.660268025	7.50479367	7.821302917	7.354644126	2.5085	0
SG18	0	0	0	0	0	0	0	0	0	0	0	0	3.956022198	NA	4.257886843	NA	3.989872673	4.36888937	4.189849986	4.036174594	NA	3.3205	0
T232	0	0	0	0	0	0	0	0	0	0	0	0	4.466771572	5.819822888	7.71038547	7.170172429	5.546453902	7.586443104	6.574729882	6.141606356	6.412552674	2.7682	0
T234	0	0	0	0	0	0	0	0	0	0	0	0	2.466771572	8.33753406	4.71038547	6.805392555	4.948963705	6.373900729	5.67726656	3.641606356	7.66867461	3.0732	0
T8	0	0	0	0	0	0	0	0	0	0	0	0	0.828334854	5.708106267	1.144762186	3.896587524	2.845199001	2.942714291	2.898461542	0.884816653	4.854644126	2.6028	0
TX303	0	0	0	0	0	0	0	0	0	0	0	0	2.828334854	0.819822888	2.144762186	2.170172429	2.043316649	2.227121072	2.134059033	2.384816653	1.412552674	2.782	0
TX601	0	0	0	0	0	0	0	0	0	0	0	0	2.466771572	4.078678474	2.71038547	4.987782492	3.247708804	4.230171916	3.750998221	2.641606356	4.540613642	2.5534	0
TZI10	0	0	0	0	0	0	0	0	0	0	0	0	0.828334854	NA	2.144762186	1.896587524	0.788617771	2.442714291	1.635064421	1.384816653	2.037296151	3.5959	0
TZI11	0	48014.7	0	0	0	0	0	0	0	0	0	2400.735	7.211396885	2.819822888	7.484136156	5.170172429	5.345199001	6.442714291	5.898461542	7.338890475	3.912552674	2.5335	50415.435
TZI16	0	0	0	0	0	0	0	0	0	0	0	0	3.339084229	NA	5.597260813	NA	3.593637377	5.800075807	4.718655004	4.490248415	NA	3.5343	0
TZI18	0	0	0	0	0	0	0	0	0	0	0	0	2.083709542	NA	2.371011499	NA	2.191127574	2.512618182	2.366118325	2.187532534	NA	2.1582	0
TZI25	0	0	0	0	0	0	0	0	0	0	0	0	1.466771572	4.078678474	2.71038547	4.987782492	2.747708804	4.230171916	3.500998221	2.141606356	4.540613642	3.0555	0
TZI8	0	0	0	0	0	0	0	0	0	0	0	0	2.600961955	4.078678474	5.101928578	4.387782492	3.230649164	5.030451988	4.115382866	3.742321997	4.240613642	NA	0
TZI9	0	36526.84	0	0	0	0	0	0	0	0	0	0	2.211396885	2.449250681	4.484136156	6.078977461	2.445826452	5.514578697	3.986595712	3.338890475	4.226583158	3.4107	36526.84
U267Y	0	0	0	0	0	0	0	0	0	0	0	0	NA	-0.180177112	NA	4.170172429	0.298015526	4.229081587	2.25453642	NA	1.912552674	3.4306	0
VA102	0	0	0	0	0	0	0	0	0	0	0	0	3.466771572	2.819822888	1.71038547	NA	3.546453902	1.94380462	3.316564859	2.641606356	3.729900649	2.3689	0
VA14	0	0	0	0	0	0	0	0	0	0	0	0	1.956022198	2.708106267	2.257886843	1.896587524	1.945826452	2.514578697	2.236595712	2.036174594	2.354644126	3.3096	0
VA22	0	0	0	0	0	0	0	0	0	0	0	0	0.956022198	1.449250681	2.257886843	3.078977461	1.24457155	2.870849885	2.060327373	1.536174594	2.226583158	2.2583	0
VA26	0	0	0	0	0	0	0	0	0	0	0	8667.18	6.083709542	5.819822888	4.371011499	7.170172429	6.24457155	5.870849885	6.060327373	5.187532534	6.412552674	2.8866	8667.18
VA35	0	0	0	0	0	0	0	0	0	0	0	0	5.211396885	5.078678474	2.484136156	4.987782492	5.046453902	4.086443104	4.574729882	3.838890475	5.040613642	2.6737	0
VA59	0	0	0	0	0	0	0	0	0	0	0	0	2.956022198	6.449250681	4.257886843	7.078977461	4.74457155	5.870849885	5.310327373	3.536174594	6.726583158	2.6305	0
VA85	0	0	0	0	0	0	0	0	0	0	0	0	2.828334854	4.819822888	5.144762186	NA	4.043316649	5.225160557	4.729003727	3.884816653	5.729900649	2.763	0
VA99	0	0	0	0	0	0	0	0	0	0	0	0	3.339084229	-0.180177112	NA	7.170172429	1.945826452	7.229081587	3.877679771	3.972660857	3.412552674	3.1778	0
VAW6	0	0	0	0	0	0	0	0	0	0	0	2207.04	2.211396885	2.449250681	2.484136156	NA	2.445826452	2.656346995	2.806963186	2.338890475	3.043931133	2.5501	2207.04
W182B	0	0	0	0	0	0	0	0	0	0	0	0	7.339084229	4.33753406	6.597260813	1.805392555	5.348336254	4.802036322	5.089132391	6.990248415	3.16867461	3.1162	0
W22	0	0	0	0	0	0	0	0	0	0	0	0	7.339084229	NA	6.597260813	NA	7.593637377	6.800075807	7.218655004	6.990248415	NA	3.5309	0
W64A	0	0	0	0	0	0	0	0	0	0	0	0	4.339084229	7.078678474	6.597260813	NA	5.647081353	6.800075807	6.316564859	5.490248415	7.357961617	NA	0
WD	0	0	6809.925	0	0	4539.95	0	0	0	0	0	0	6.956022198	NA	7.257886843	NA	6.989872673	7.36888937	7.189849986	7.036174594	NA	3.7029	11349.875
WF9	0	0	0	0	0	0	0	0	0	0	0	18559.12	3.828334854	2.449250681	7.144762186	3.078977461	3.143944099	5.298985479	4.222193203	5.384816653	2.726583158	2.3896	18559.12
