Taxa	DTA	Rust	SLB	SLBtoxin	NLB	GLS
4226	80.5	4.5	5.758808334	0.5	3.5544	5.4478
4722	92	4.5	6.207358334	1	5.2803	5.723
33-16	91.5	3.25	6.526983334	1	5.7494	6.6151
38-11	95	3.125	5.979238334	0	5.6374	6.2911
A188	72.25	2.875	4.618408334	3.75	3.3384	2.8681
A214N	100.25	2.75	6.338358334	2.875	6.4908	7.0032
A239	81.75	2.875	7.116208334	0.75	5.7016	6.8329
A272	78	NA	4.521858334	1.875	NA	5.7347
A441-5	89	3.75	5.982133334	1.625	6.8388	6.1189
A554	74	NA	4.456758334	1.25	3.4243	3.475
A556	76.5	2.125	6.256828334	1	3.1877	4.694
A6	114	4.3063	6.979983334	1.625	6.1321	6.8088
A619	76.5	2.625	6.169333334	1	5.3289	5.6659
A632	77.75	5.25	5.372233334	2	5.1043	5.5805
A634	74.75	6.375	4.561508334	3.5	3.5139	4.683
A635	74.25	5.375	5.293208334	4	4.2294	4.3918
A641	77.75	NA	5.585458334	0.75	4.819	4.3368
A654	69.75	3.375	4.652158334	1.5	4.8231	4.4901
A659	80.5	5.125	3.940058334	0.5	4.1608	4.9255
A661	73	1.875	6.571258334	2	5.646	6.0452
A679	74.75	4.25	7.443433334	0.375	6.8025	5.3237
A680	87	3.375	5.907383334	2	5.5628	5.2533
A682	75	3.875	7.373733334	0.5	5.2789	6.3068
AB28A	100	4.6229	6.104383334	1	6.5972	5.8651
B10	91	2.75	5.645633334	0.5	5.1102	NA
B103	78	2.875	6.761458334	3	5.9221	5.547
B104	88.5	3.375	4.217608334	3	5.6202	5.5226
B105	88.75	NA	4.094608334	1.875	5.2302	4.7701
B109	83.25	2.875	6.701358334	2.125	5.0278	5.7461
B115	90	3.875	6.411230834	0	6.4726	5.1999
B14A	83.75	2.875	5.634858334	4	4.904	5.3916
B164	81.5	3.375	6.705383334	1.125	5.7942	5.1102
B2	88.5	2.5	6.153240834	1.75	5.5408	7.2561
B37	86.25	4.75	6.078008334	2.375	5.2025	5.6621
B46	87	2.25	5.591608334	0.875	4.9053	5.3163
B52	92.5	3.125	6.008108334	NA	4.5148	7.2247
B57	86.5	3.125	5.458433334	2	6.7482	5.4606
B64	92.75	4.25	6.347383334	2.5	5.5173	5.2162
B68	87.5	3.375	7.057108334	2.875	6.3167	6.3048
B73	81	3.5	5.148258334	1	5.5785	5.5388
B73HTRHM	83.25	NA	6.565333334	1	5.1448	5.1329
B75	82	3.6229	6.870083334	0.625	6.8177	5.3459
B76	84.5	4.5	5.980075834	2.125	5.8997	5.9752
B77	87.75	4.625	5.867558334	NA	6.8365	5.759
B79	86.75	3.25	4.917508334	0.75	5.6289	6.0515
B84	87	2.625	5.139483334	0.5	5.6593	6.5063
B97	88	3.375	5.581683334	2.125	6.1694	5.8707
C103	90.25	3.25	7.206458334	NA	7.2083	7.0181
C123	77.5	3.8729	5.365208334	2.125	6.5795	4.5896
C49A	83	4.25	4.806458334	NA	3.4706	3.862
CH701-30	76.75	3.25	7.003483334	2.5	6.3476	6.8391
CH9	75	3.75	4.933058334	0.875	6.4192	4.2532
CI.7	96	3.5	6.095358334	0.5	5.6201	6.9997
CI187-2	92.75	3.125	7.122766667	1.625	6.1034	NA
CI21E	93.5	4.125	6.114758334	2	5.9836	4.9704
CI28A	93	NA	7.011908334	2.375	6.53	7.6306
CI31A	96.25	3.375	6.420483334	0.625	6.6995	6.3329
CI3A	91.5	5.75	5.275908334	1.5	5.8099	5.3457
CI64	94.25	3.75	6.738908334	NA	6.7528	7.2226
CI66	99.75	5.25	6.437598334	0.625	6.9997	6.1539
CI90C	98.5	3.625	6.638458334	3.375	6.4599	5.7402
CI91B	90.25	3.125	5.078858334	0	5.3345	5.5025
CM105	71	NA	4.825358334	3.5	5.4023	6.4336
CM174	70.75	4.75	5.218208334	3.25	4.9145	6.2243
CM37	67.75	NA	4.110608334	2	4.1565	4.3281
CM7	68.75	5.1229	5.269558334	2	3.56	4.8111
CML10	108.5	3.75	6.878258334	2.875	6.8966	7.4318
CML103	98.75	3.125	6.514458334	3	6.8224	6.7391
CML108	99	3.625	6.477028334	3.25	6.7131	7.443
CML11	110	3.75	7.082058334	2.25	7.101	7.3951
CML14	102.75	2.5	6.913208334	1.5	7.1572	7.1539
CML154Q	96.5	4.25	7.445633334	2	5.7896	6.4894
CML157Q	101	NA	7.118008334	3.5	7.1749	6.8899
CML158Q	107	3.75	7.293008334	0	6.8072	6.6891
CML218	104.5	3.625	6.754308334	1.375	6.9541	6.4923
CML220	90.25	3.875	7.136683334	2.5	7.299	6.1075
CML228	111.25	3.625	6.843858334	1	6.427	6.5484
CML238	104.5	2.375	6.776233334	2.5	6.5288	7.2653
CML247	106	2.75	7.380358334	1	7.2547	6.8285
CML254	126.25	NA	6.703083334	3.75	8.1751	4.9228
CML258	120.75	3.125	7.232633334	4	7.1834	7.7492
CML261	111.75	2.125	6.903633334	1.75	6.4946	7.128
CML264	113.25	1.875	7.084233334	1.5	6.7087	6.6098
CML277	111	3.125	7.107708334	3.125	6.864	7.4035
CML281	121.75	2.25	6.725233334	3.25	6.915	7.1407
CML287	120.75	2.5	6.772658334	2.5	6.004	6.3241
CML311	101.25	NA	7.089608334	2	6.4498	6.8706
CML314	108	2.375	7.408458334	2.75	7.2273	7.4129
CML321	113.25	0.375	6.212208334	3.875	6.1533	6.4695
CML322	100	1.125	6.384458334	2.625	6.8891	5.6028
CML323	95.75	4.5	6.240008334	3.25	6.5345	6.9114
CML328	81.25	3.25	6.759408334	1.75	6.2626	6.8893
CML331	115	3.5	7.302808334	2.25	6.1847	7.0797
CML332	105.75	3.5	6.998508334	1.75	6.2958	6.7708
CML333	99.5	NA	6.701408334	0.625	6.4431	5.9484
CML341	107	3.1229	5.834508334	NA	6.7773	6.9888
CML38	107	3.0168	6.167848334	2	6.8316	6.5951
CML45	122.75	2.25	6.845158334	2.25	7.0682	7.3664
CML5	119.25	2.125	7.348258334	3	6.3897	7.5076
CML52	116.75	3.75	7.333083334	4	7.0617	7.3541
CML61	126	3.75	7.722508334	3	7.4198	7.1452
CML69	104.25	NA	7.191966667	1.5	6.8812	NA
CML77	110.75	-0.1229	6.869416667	0.5	NA	NA
CML91	99	3.25	5.917143334	1.5	6.3802	7.1011
CML92	100	3.75	7.366308334	4	6.1815	6.7181
CMV3	67	2.3729	3.689158334	0	4.3178	3.899
CO106	67	4.625	4.734258334	0	NA	4.4083
CO125	69.75	4.3771	4.687808334	1.25	3.694	4.262
CO255	66.25	6.699	5.553233334	NA	3.4757	3.0731
D940Y	104	0.7219	7.141383334	NA	7.1797	7.1602
DE_2	85.5	NA	6.109758334	NA	6.6191	5.1208
DE_3	88	NA	7.713516667	NA	7.5535	NA
DE1	91.5	2.25	6.216205834	NA	7.1624	6.167
DE811	90.75	4.75	7.194933334	0	5.6227	6.5997
E2558W	95	NA	4.850808334	3	6.8826	5.7317
EP1	69.5	5.375	6.726658334	0	5.9408	4.4915
F2834T	94	NA	6.874983334	2	7.4636	7.0053
F44	98.75	5.5	5.680015834	3.5	4.6612	6.5165
F6	108	3.375	5.660233334	1.875	6.3012	7.0881
F7	67.25	4.3117	3.876608334	0	3.9588	3.0363
GA209	99.75	4.75	6.274608334	0.625	6.2609	NA
GT112	109.75	2.875	6.046223334	1.125	5.9051	6.2197
H105W	75.75	3.875	5.604983334	0.75	5.3701	5.9798
H49	86	3.875	5.601458334	2.25	7.141	5.6736
H84	80.75	3.75	6.575433334	1.75	5.9123	6.4335
H91	85.5	NA	5.438658334	3.25	4.8628	5.3017
H95	86.75	3.375	6.900158334	0.125	7.2447	6.3155
H99	78.75	2.5	6.949833334	1	8.0473	5.9804
HI27	102	3.125	7.123958334	3	6.3432	6.9828
HP301	87	1.25	4.859308334	2	5.5903	5.4303
HY	86.75	2.625	5.141383334	0.375	5.8299	4.7218
I137TN	96.5	1.875	6.784633334	3.5	7.4422	2.8404
I205	89	2.6229	5.639233334	0.5	4.9721	5.0507
I29	78	4.125	4.617258334	0.75	6.0522	4.363
IA2132	73.5	5.125	6.601110834	0	6.0981	6.0563
IA5125	76	3.3729	4.630408334	0	4.8779	NA
IDS28	84	5.125	5.646708334	0	5.4764	5.2762
IDS69	87	3.375	6.404308334	1	5.5477	5.6677
IDS91	82.25	1.875	6.090185834	1	5.3481	5.7545
IL101	75.75	6.3771	5.970758334	0	5.4889	4.0316
IL14H	76.5	4.625	6.127208334	3.25	5.6167	4.0554
IL677A	86.25	2.375	4.316658334	2.5	6.3437	5.3049
K148	81	4.375	5.967043334	1.875	7.1396	5.5981
K4	95.75	3.375	5.075183334	0.75	5.3931	5.8763
K55	90	4.75	4.761808334	0	5.2857	5.5286
K64	93.5	2.5	6.614358334	1	5.8522	6.991
KI11	105	2.75	7.491383334	0.125	6.9092	5.2815
KI14	102.5	NA	7.500708334	1	6.7883	5.1181
KI2021	104	3.1229	7.302358334	1	6.6964	NA
KI21	98.5	2.5905	7.406233334	0.5	6.4492	7.621
KI3	104.25	NA	7.467708334	1	7.2639	7.7321
KI43	102.5	2.5	7.341108334	0	6.6989	2.5283
KI44	106.25	NA	6.778458334	3	6.3516	NA
KY21	98.25	4.625	5.929583334	0.625	5.7503	6.2802
KY226	91.5	3.75	5.782933334	1.75	6.6998	6.3706
KY228	99	4.5	5.542508334	2	4.9366	5.985
L317	82	2.6229	6.349133334	NA	6.3456	5.9814
L578	99	4.4431	5.770208334	2	5.3888	5.7623
M14	82.5	3.5	6.209713334	2.25	6.0915	5.5514
M162W	100.5	3.25	6.818358334	2	7.0361	5.984
M37W	93	0.375	6.954433334	1	7.2103	6.3448
MEF156-55-2	70.75	5.75	6.402983334	0	NA	4.5058
MO17	84.5	2.625	7.681558334	0.25	7.0029	6.6631
MO18W	105.5	NA	6.692158334	1	6.2024	7.2626
MO1W	89.75	2.75	4.939483334	1.25	6.0796	5.2566
MO24W	91	5.75	5.480383334	1.25	5.239	6.0272
MO44	81.75	2.3771	6.145200834	1	6.8125	4.2595
MO45	90.25	4.5	6.175858334	0.5	5.5378	6.1138
MO46	88.75	NA	3.991658334	3.25	5.5768	4.137
MO47	86.25	4.625	5.457758334	4	7.1178	6.0927
MOG	91.5	2.625	6.550343334	2.375	5.5351	5.2778
MP339	98.5	3.3771	6.077325834	NA	6.6017	6.4399
MS1334	73.25	3.8358	4.466558334	NA	6.0338	4.1694
MS153	77.75	2.75	6.740558334	NA	6.4502	5.2916
MS71	82.75	NA	5.573883334	2.25	5.9293	5.6308
MT42	68.25	5.125	4.350608334	2.625	3.0984	2.9803
N192	78.75	4.625	4.559658334	1	3.4557	4.6472
N28HT	87.75	3.5	3.828658334	0.5	4.4005	5.4914
N6	80	3.125	5.523058334	0	5.8075	6.1794
N7A	86	3.5	5.001658334	3.5	5.7442	5.4829
NC222	98.75	3.25	5.314758334	0	6.5942	NA
NC230	92.75	3.5	5.930158334	0	6.9009	6.2869
NC232	95	3.5	5.892703334	0.125	5.6242	7.193
NC236	100.5	4.375	6.851258334	1	7.0963	4.0072
NC238	100	2.8729	6.357890834	0	5.9498	5.7102
NC250	87.75	3.875	7.996758334	0.25	6.0347	7.5426
NC258	93	NA	7.286433334	2.875	7.7714	7.0809
NC260	83.25	1.5	7.044908334	0.75	7.4941	6.5744
NC262	79.5	2.625	7.165158334	0.5	8.2192	6.6181
NC264	88.5	3.75	6.626258334	1	7.1932	7.0394
NC290A	84.75	3.25	7.055058334	2	7.5543	6.769
NC294	86.75	3.5	6.334570834	0.875	5.1823	6.0918
NC296	99.75	2.875	7.363008334	2.125	7.1705	6.9685
NC296A	97	2.25	7.293583334	NA	6.651	6.8892
NC298	99.5	4.1229	7.205533334	1.25	6.8408	6.9698
NC300	98	3.75	7.122008334	0	5.9452	7.1517
NC302	101	1.8729	7.414058334	2	7.1703	7.375
NC304	95.25	1.375	7.540308334	2	7.3404	7.8234
NC306	89	3.375	7.026333334	1.75	4.7677	6.0023
NC310	85.75	3.625	6.559133334	0.375	5.4107	6.4034
NC314	86.25	4.625	7.439058334	1.625	6.304	6.3924
NC318	94	3.875	6.320733334	0	6.4997	7.1828
NC320	96	4.375	6.443683334	2	5.928	7.0767
NC324	87	3.625	7.495758334	1.75	5.8852	6.8689
NC326	87	3.875	6.042533334	1	5.1025	5.6649
NC328	82.75	2.75	6.682433334	0.375	6.0843	6.491
NC33	100	3.7273	6.562683334	0	5.6317	5.6798
NC336	102	3.2674	7.571058334	1.75	6.9947	7.313
NC338	99	2.875	6.712033334	1.625	7.8315	6.8554
NC340	95	4.8729	7.255958334	3	5.7912	7.1912
NC342	90	3.25	6.992233334	2.75	7.5283	6.7028
NC344	95.5	2.875	7.697908334	2	7.4719	7.2942
NC346	96	3.1229	7.457383334	2.75	7.2135	6.9452
NC348	95	4.25	7.132483334	2	6.667	7.092
NC350	98	3.5	7.632033334	1.875	6.2318	6.8809
NC352	105	3.75	7.200758334	NA	7.0469	7.1536
NC354	97.5	1.625	6.597933334	0.75	6.9921	6.394
NC356	96.25	2.375	6.679658334	2.25	6.7655	7.1073
NC358	95.25	2.125	6.877833334	0.375	7.3116	6.1971
NC360	93.5	2.625	7.094383334	0.25	6.5907	6.4466
NC362	86	2.75	6.830408334	3.875	7.4287	6.225
NC364	82.5	NA	7.093933334	4	7.1945	5.9952
NC366	99	3.5	7.448108334	0.875	6.6386	7.3044
NC368	87.5	3.875	6.737508334	0	5.8599	6.8139
ND246	67.5	7.1589	5.196033334	4	5.11	5.6457
OH40B	78.5	4.75	5.934458334	1	5.7113	3.8756
OH43	74	2.625	7.050408334	0.625	6.0045	5.7405
OH43E	91.5	2.75	6.879883334	NA	6.3327	5.0777
OH603	97	3.25	5.611760834	0.5	7.0372	5.8519
OH7B	97.75	3.875	5.260133334	0	3.1702	4.5806
OS420	79	3.25	5.590858334	0	5.5358	6.2534
P39	74.75	5.5	4.990508334	0.75	4.7905	4.7193
PA762	80.25	NA	6.983708334	1	6.7256	5.0733
PA875	87	NA	6.977983334	0	7.2061	6.6905
PA880	86	3.5	6.532458334	1.125	7.5405	6.0013
PA91	86	NA	5.971783334	0	6.46	5.1691
R109B	80	1.1229	5.888766667	NA	7.332	NA
R168	82.75	3.5	6.270008334	1	6.2332	5.2437
R177	78.5	4.75	6.881533334	2	7	5.835
R229	88	3.75	5.809783334	1.5	5.9853	5.0501
R4	85.5	3.375	6.299808334	1.375	5.3684	3.9398
SA24	90	3.625	5.997683334	2	6.2953	6.3928
SC213R	102	3.1642	6.619833334	0.625	6.282	6.0145
SC357	95.75	3.375	6.332883334	0	5.4957	6.6814
SC55	104	NA	6.733358334	NA	4.5485	6.9567
SD40	78.5	2.75	6.607483334	0	7.2965	6.2582
SD44	81.25	3.5	6.453770834	0	6.5963	4.9146
SG1533	90.5	2.875	6.100958334	2.125	5.8675	4.8347
SG18	91	2.625	6.245525834	2.75	5.5758	5.5829
T232	87	2.75	6.711083334	2.25	6.4342	6.7648
T234	93.5	3.25	6.217478334	1.875	6.0892	7.3433
T8	92.25	4.25	7.356308334	0	6.198	7.113
TX303	99.75	2.875	5.814633334	1.5	6.4949	5.6371
TX601	116.5	2.25	7.330483334	2	6.5825	7.3702
TZI10	113	1.75	6.699133334	2	5.8098	6.8559
TZI11	96	2.375	7.250558334	NA	6.7552	7.4115
TZI16	100.75	3.125	6.981958334	1.75	6.3645	7.1371
TZI18	103.75	3.75	7.024808334	2.75	6.1299	6.9147
TZI25	97.5	NA	7.116933334	2.5	7.5067	6.5276
TZI9	97.5	3.75	6.530408334	0	6.5383	6.6268
U267Y	100.25	1.875	4.894308334	2	7.149	6.1888
VA102	80.75	2.5	7.322158334	2.5	7.1744	5.8318
VA14	88	NA	6.393390834	2.75	6.5116	6.146
VA17	92	3.25	6.669083334	0	7.2797	5.6916
VA22	88.5	4.375	6.384158334	0	6.2741	5.1698
VA26	80.75	3.25	5.890845834	0.75	5.783	4.787
VA35	83.25	3.375	6.676308334	3.75	7.0838	6.706
VA59	78.75	NA	7.247133334	4	7.3437	6.2386
VA85	81.25	1.875	7.151458334	3.5	7.3337	7.1314
VA99	84.5	2.25	5.044108334	1.75	4.685	4.5494
VAW6	84.5	3.75	6.139853334	0.25	5.4754	6.2256
W117HT	71.75	2.75	5.039958334	1.25	4.2771	5.663
W153R	76.5	2.3729	6.204895834	NA	5.7671	7.4905
W182B	75.5	2.5	5.357483334	0	4.6209	5.4093
W22	82.5	3.5	5.416058334	1.75	4.7468	5.6766
W22_R	83	NA	6.044666667	NA	NA	NA
WD	71	2.6229	5.554783334	1	NA	4.4225
WF9	84.25	3.25	4.468558334	0.5	5.9098	4.3256
YU796	79	NA	6.515408334	2.625	6.3189	5.7809
